0.3333333333333333 1
0.6666666666666666 1
0.8333333333333333 2
1.3333333333333333 1
1.5 2
1.9999999999999998 1
2.1666666666666665 2
2.6666666666666665 1
2.833333333333333 2
3.3333333333333335 1
3.5 2
4.0 1
4.166666666666667 2
4.666666666666666 1
4.833333333333333 2
5.333333333333332 1
5.499999999999999 2
5.999999999999998 1
6.166666666666665 2
6.666666666666664 1
6.833333333333331 2
7.33333333333333 1
7.499999999999997 2
7.9999999999999964 1
8.166666666666664 2
8.666666666666664 1
8.83333333333333 2
9.333333333333332 1
9.499999999999998 2
10.0 1
