0 0.3333333333333333
1 0.6666666666666666
0 0.8333333333333333
1 1.3333333333333333
0 1.5
1 1.9999999999999998
0 2.1666666666666665
1 2.6666666666666665
0 2.833333333333333
1 3.3333333333333335
0 3.5
1 4.0
0 4.166666666666667
1 4.666666666666666
0 4.833333333333333
1 5.333333333333332
0 5.499999999999999
1 5.999999999999998
0 6.166666666666665
1 6.666666666666664
0 6.833333333333331
1 7.33333333333333
0 7.499999999999997
1 7.9999999999999964
0 8.166666666666664
1 8.666666666666664
0 8.83333333333333
1 9.333333333333332
0 9.499999999999998
1 10.0
