1 0.3333333333333333
1 0.6666666666666666
2 0.8333333333333333
2 1.3333333333333333
3 1.5
3 1.9999999999999998
4 2.1666666666666665
4 2.6666666666666665
5 2.833333333333333
5 3.3333333333333335
6 3.5
6 4.0
7 4.166666666666667
7 4.666666666666666
8 4.833333333333333
8 5.333333333333332
9 5.499999999999999
9 5.999999999999998
10 6.166666666666665
10 6.666666666666664
11 6.833333333333331
11 7.33333333333333
12 7.499999999999997
12 7.9999999999999964
13 8.166666666666664
13 8.666666666666664
14 8.83333333333333
14 9.333333333333332
15 9.499999999999998
15 10.0
