2 0.3333333333333333
3 0.6666666666666666
4 0.8333333333333333
5 1.3333333333333333
6 1.5
7 1.9999999999999998
8 2.1666666666666665
9 2.6666666666666665
10 2.833333333333333
11 3.3333333333333335
12 3.5
13 4.0
14 4.166666666666667
15 4.666666666666666
16 4.833333333333333
17 5.333333333333332
18 5.499999999999999
19 5.999999999999998
20 6.166666666666665
21 6.666666666666664
22 6.833333333333331
23 7.33333333333333
24 7.499999999999997
25 7.9999999999999964
26 8.166666666666664
27 8.666666666666664
28 8.83333333333333
29 9.333333333333332
30 9.499999999999998
31 10.0
