0.3333333333333333
0.3333333333333333
1.5021859657733272
1.7399692617324822
2.1642911536701113
2.3401687343642354
3.1820782824669873
3.949606646798336
3.9737968777432813
4.02021756685445
4.190492774776447
4.402118865588437
4.607514245396376
4.638951138553456
4.928117994455031
5.250646003208932
5.591196419052926
5.65330627845009
6.02286048662396
6.061705092042611
6.510729641364814
6.654323946728965
7.958331615205013
8.101925920569165
8.202294284830472
8.30266264909178
8.394141597659033
8.548153417524553
8.558306486686122
8.578931621258818
9.74778425369881
10.358644741614913
